0000000000000000000000000000000000000000000000000000000000000000000000000000000
0000000000000000000000000000000000000000000000000000000000000000000000000000000
0000000000000000000000000000000000000000000000000000000000000000000000000000000
0000000000000000000000000000000000000000000000000000000000000000000000000000000
0000000000000000000000000000000000000000000000000000000000000000000000000000000
0000000000000000000000000000000000000000000000000000000000000000000000000000000
0000000000000000000000000000000000000000000000000000000000000000000000000000000
0000000000000000000000000000000000000000000000000000000000000000000000000000000
0000000000000000000000000000000000000000000000000000000000000000000000000000000
0000000000000000000000000000000000000000000000000000000000000000000000000000000
0000000000000000000000000000000000010001000000000000000000000000000000000000000
0000000000000000000000000000000000101010100000000000000000000000000000000000000
0000000000000000000000000000000000101010100000000000000000000000000000000000000
0000000000000000000000000000000011001010011000000000000000000000000000000000000
0000000000000000000000000000000100001010000100000000000000000000000000000000000
0000000000000000000000000000000011110001111000000000000000000000000000000000000
0000000000000000000000000000000000000000000000000000000000000000000000000000000
0000000000000000000000000000000011110001111000000000000000000000000000000000000
0000000000000000000000000000000100001010000100000000000000000000000000000000000
0000000000000000000000000000000011001010011000000000000000000000000000000000000
0000000000000000000000000000000000101010100000000000000000000000000000000000000
0000000000000000000000000000000000101010100000000000000000000000000000000000000
0000000000000000000000000000000000010001000000000000000000000000000000000000000
0000000000000000000000000000000000000000000000000000000000000000000000000000000
0000000000000000000000000000000000000000000000000000000000000000000000000000000
