0000000000000000000000000000000000000000000000000000000000000000000000000000000
0000000000000000000000000000000000000000000000000000000000000000000000000000000
0000000000000000000000000000000000000000000000000000000000000000000000000000000
0000000000000000000000000000000000000000000000000000000000000000000000000000000
0000000000000000000000000000000000000000000000000000000000000000000000000000000
0000000000000000000000000000000000000000000000000000000000000000000000000000000
0000000000000000000000000000000000000000000000000000000000000000000000000000000
0000000000000000000000000000000000000000000000000000000000000000000000000000000
0000000000000000000000000000000000000000000000000000000000000000000000000000000
0000000000000000000000000000000011000110000000000000000000000000000000000000000
0000000000000000000000000000000100101001000000000000000000000000000000000000000
0000000000000000000000000000000110101011000000000000000000000000000000000000000
0000000000000000000000000000000000101000000000000000000000000000000000000000000
0000000000000000000000000000000110101011000000000000000000000000000000000000000
0000000000000000000000000000000100101001000000000000000000000000000000000000000
0000000000000000000000000000000000101000000000000000000000000000000000000000000
0000000000000000000000000000000000101000000000000000000000000000000000000000000
0000000000000000000000000000000110101011000000000000000000000000000000000000000
0000000000000000000000000000000100101001000000000000000000000000000000000000000
0000000000000000000000000000000011000110000000000000000000000000000000000000000
0000000000000000000000000000000000000000000000000000000000000000000000000000000
0000000000000000000000000000000000000000000000000000000000000000000000000000000
0000000000000000000000000000000000000000000000000000000000000000000000000000000
0000000000000000000000000000000000000000000000000000000000000000000000000000000
0000000000000000000000000000000000000000000000000000000000000000000000000000000
